1586956908
-290837977
1809024198
276859595
-1814837130
-1923874288
-519011336
766645506
1412731154
-2013625449
-1152585636
2057557185
-817482315
1159560987
-67718763
-162172928
10652000
-959497206
1916330269
-285733045
1753695046
-104705862
-1556535415
-125162572
2082858928
-1128488071
-1619580400
-259143669
-980493531
-2012157726
-965292979
-582186676
1150813125
1694577522
1562790467
643850840
-1388208907
1744988250
-1023578462
1013892840
-1826479808
2013375894
2112055624
1651481022
-2037617028
-2058738370
-1984099830
2058897948
498173995
-1380283877
-1638046797
-1063857031
-63857628
1054835068
28253004
1808767602
749088115
981513802
210560925
-921942530
-1276540548
1954287962
-1692138252
947465190
-1149375642
-1565809918
237216036
1437720947
968421813
-1371008530
1688765392
-789251736
-1317123527
990028595
-268142871
-190702542
-1164003290
-131125340
-1770704012
-1568346274
496949380
-855139740
-254355824
-1516076982
-1409595191
-6841155
1973035703
1583752735
-952757309
-545719505
-1996025533
459673342
122915003
1601533898
-1537705932
1606872184
1395318999
346363327
-893007824
482964292
